CONDITIONS
step 1 : player will break array into chunks (diff arrays with sequences or trills)
step 2 : 
        const a = ['2é&', '3é', '4é'];
        let b=[];
        function getB(array){
            for(let i=0; i <= array.length - 1; i++){
            if(array[i].includes('&')){
                b.push(array[i])
            }
            }
            return b;
        }
        getB(a);

check if numbers are in order
    check if the order is >= 3 and >=13
    check if symbols are same in all combinations

1,1,1
2,2,2
3,3,3
4,4,4
5,5,5
6,6,6
7,7,7
8,8,8
9,9,9
10,10,10
11,11,11
12,12,12
13,13,13
1,1,1,1
2,2,2,2
3,3,3,3
4,4,4,4
5,5,5,5
6,6,6,6
7,7,7,7
8,8,8,8
9,9,9,9
10,10,10,10
11,11,11,11
12,12,12,12
13,13,13,13
1,2,3
2,3,4
3,4,5
4,5,6
5,6,7
6,7,8
7,8,9
8,9,10
9,10,11
10,11,12
11,12,13
12,13,1
1,2,3,4
2,3,4,5
3,4,5,6
4,5,6,7
5,6,7,8
6,7,8,9
7,8,9,10
8,9,10,11
9,10,11,12
10,11,12,13
11,12,13,1
1,2,3,4,5
2,3,4,5,6
3,4,5,6,7
4,5,6,7,8
5,6,7,8,9
6,7,8,9,10
7,8,9,10,11
8,9,10,11,12
9,10,11,12,13
10,11,12,13,1
1,2,3,4,5,6
2,3,4,5,6,7
3,4,5,6,7,8
4,5,6,7,8,9
5,6,7,8,9,10
6,7,8,9,10,11
7,8,9,10,11,12
8,9,10,11,12,13
9,10,11,12,13,1
1,2,3,4,5,6,7
2,3,4,5,6,7,8
3,4,5,6,7,8,9
4,5,6,7,8,9,10
5,6,7,8,9,10,11
6,7,8,9,10,11,12
7,8,9,10,11,12,13
8,9,10,11,12,13,1
1,2,3,4,5,6,7,8
2,3,4,5,6,7,8,9
3,4,5,6,7,8,9,10
4,5,6,7,8,9,10,11
5,6,7,8,9,10,11,12
6,7,8,9,10,11,12,13
7,8,9,10,11,12,13,1
1,2,3,4,5,6,7,8,9
2,3,4,5,6,7,8,9,10
3,4,5,6,7,8,9,10,11
4,5,6,7,8,9,10,11,12
5,6,7,8,9,10,11,12,13
6,7,8,9,10,11,12,13,1
1,2,3,4,5,6,7,8,9,10
2,3,4,5,6,7,8,9,10,11
3,4,5,6,7,8,9,10,11,12
4,5,6,7,8,9,10,11,12,13
5,6,7,8,9,10,11,12,13,1
1,2,3,4,5,6,7,8,9,10,11
2,3,4,5,6,7,8,9,10,11,12
3,4,5,6,7,8,9,10,11,12,13
4,5,6,7,8,9,10,11,12,13,1
1,2,3,4,5,6,7,8,9,10,11,12
2,3,4,5,6,7,8,9,10,11,12,13
3,4,5,6,7,8,9,10,11,12,13,1
1,2,3,4,5,6,7,8,9,10,11,12,13

symbols must be same for sequence
numbers must be same for trill
symbols must be diff for trill